2221777491
2873750246
4067173416
794519497
3287624630
3357287912
1212880927
2464917741
949382604
1898004827
2947301415
790253146
717857433
428724147
1685527558
943400827
2654514605
3579164172
1769226289
1832943298
10586571
3240865749
3796889285
4281504960
3800820748
356885
1290249776
4191694121
2532234831
1800111962
4202311614
2927266873
3629650323
3232519585
279496891
2486180391
1265917839
1696258596
1236668993
2059754369
3532466036
1679076011
2689435663
2865438934
474498151
3247541971
2271228
3580633786
4046573174
739525145
607741122
911192010
1810743276
3756870269
1488160803
1858559456
3735698488
3762726157
1840830780
2021238294
3559460518
1298917919
3083150174
3295624654
512074752
44426133
2561450502
2904442912
557299042
2025853948
333006368
2723719310
3569999391
3953203790
1994521043
565569872
695838278
3605181250
2353535954
3027349461
2527527351
4157064475
3322643262
3883616505
2816834804
1257592107
2395332298
633234503
765566199
606685610
1033298387
4098682133
2173488101
1819142
1704009796
1248598166
2074706219
2099252360
4104871381
128580030
3872351904
3772804924
2172219748
475206155
3524886017
3027059241
3555012852
116822810
995716645
815107497
339540733
3312298808
2000436519
3344282065
3775172346
4170348192
633520821
1771889955
993216791
3417992298
3942547229
2013098026
554323622
1902522372
3935941213
1620630560
1008447794
3535954773
2645643035
2426036641
4087038312
601205083
1095778527
4148549794
1933831140
133863680
4176932059
3987648907
1028090596
2243464691
853329726
187919348
2954707168
2990035830
3629286872
1063401910
1946978161
4248094169
435380942
3364284201
2675111653
2134553542
358526421
2525405433
228780421
1807929351
1483818756
1663293328
3888986470
2100297993
3429961784
1764976944
1650242159
1254475947
398255166
2774624497
544279750
3745048607
2295218818
4020942080
2178854927
3162356000
2162665392
1254256143
543771965
3357804930
3398567202
1371641110
2560020650
429352770
3254594664
2369395289
1972953729
3169721422
319799861
1312542800
2587665599
2137575654
1870884180
3655764567
27609343
3256739910
200273794
1420014267
1798484909
2345313559
3772123110
2861158423
1859796824
4207639637
2763640554
2007383287
2441043683
2471163551
1031573436
568134506
1270051062
1146788099
21581873
3632864574
553593591
1047271038
2272703497
2152061077
2780969793
882879952
624324853
1158996817
2969494257
3017879654
2600882699
2568354884
4138393323
885792336
3620032732
3763346077
2226143587
881849187
2591906279
931310474
367201522
105979856
4099780083
120388295
3844429332
2130189176
2398082849
1746045183
1211251144
246417937
2746158598
3552900217
1791122084
181389194
2693943089
194044195
1702656665
1561353586
1296277674
606497233
1709159198
1776303284
3649796736
2980420617
3602355302
701918633
1225699229
1310512096
1455385240
453602925
2078300164
4248313079
1651377794
628379348
1412130929
447134209
2272051369
547201379
416117750
3365359220
100416054
705511117
816209810
91457776
4133230178
1341053693
3268281784
8219139
2239354915
196628885
525477368
867612236
4288897140
2351329081
3815056869
3816144214
4121643089
324383616
2425735012
3407971704
1280900548
3453867220
795397525
2689960628
3353737160
3298875386
666642269
2639027989
2581786208
3307844668
3169857773
1008513603
2432300522
3002634851
3411833148
2879251836
3982551433
3293906573
347300600
2126335953
500440227
1276276998
488772583
1591315390
1236662599
2209828393
2368255279
3892390185
1909729662
3375094392
1930574832
3283896536
2957750524
3526925108
639297386
3085440353
513903671
3054871738
604102103
1758725201
3627604464
2973945209
1595725417
1896839605
2625658160
2219039386
3911460351
2020142384
786190868
442930995
215259600
1249766287
1131957448
4044486793
1633407711
791381571
2301623749
1427265680
884474095
2760098584
3254360924
2942326261
2651032007
3948713775
3345401898
4250372479
834330327
923616860
1056494129
2653300007
2751199341
858993413
1718448008
3488305972
4134857219
1460783236
3279929069
144947272
733543120
2537206419
511858312
4141644502
1418497372
2031397510
3430055111
3603615683
2598828919
875659887
934130294
648481348
123583363
2099802047
2202517453
4219538345
4035288659
3610643584
2476257820
121748473
4094139277
1919312546
2064533770
1655604196
4255414477
4163072400
2118485312
854649812
3555662611
3528236369
1186624065
1537418000
291281711
37760593
3098218031
3564615435
522305092
1812803624
3477061045
453436637
4014902021
1136273718
1470876756
792213579
1342756576
975588541
2578256426
3185220566
2983032401
4113127980
194008666
3601667582
2691809236
2078471013
753752677
621395113
347746547
2810028765
1347335663
2657407261
1778647610
4000801310
1695618125
2408554193
3105435428
175115708
2197411540
618677934
1475946743
2087528011
2013945709
4232589322
2348225128
866044455
3585759616
2836084112
1495043358
65364559
3363758545
173713060
2796072778
1636507075
3749617056
4006239231
1763732456
1061658207
790958253
3244955656
400197803
1926258465
2393839312
2863577265
4195460131
1740694123
1270116959
3170342955
1688605471
920184633
3516714457
922620956
1692266912
2761118491
3826064753
2372113203
129389153
1179776700
3864662028
386561335
1250289106
2245434308
4212125300
4024202271
3318310712
3894728333
3489418242
472058253
2038911851
4123336284
1299172266
2113046533
1392100033
410664779
3807332067
2997815810
1844869983
3003506358
13222652
3413616449
2658570747
2514223785
2741969898
310572482
2586145050
3154260011
364632692
2147120359
810845305
2410881217
3320377650
395002327
2535336349
4258255692
2946502981
3755293321
313923949
1161518413
2411484681
3620655344
1110805298
3653191460
949976232
4283742820
494353113
3082137058
425442006
3222409326
1047404911
3626704699
3204228564
1016970578
2552853537
455145987
2305408726
895542432
1613097109
3433292394
1009362311
1767627501
2537529894
2225518810
3614802701
4259539817
2049961661
2394913718
359669736
3092443069
4008244103
893388557
2087691728
1992544219
538420302
3458067216
3604935426
2886168899
1642415451
3307719639
466838226
4091766290
4103440534
45248369
1475967223
3610191929
918950111
1650493225
1969927538
2938746852
106924535
1919367056
1053216494
3057619579
2805951098
3322810316
1449022302
2479713983
92597904
1825545441
1169996761
2762422861
4129564410
4087712033
3060274790
3756902694
2633944193
353609488
182939255
2816900636
4203849092
1024308673
2352929677
2853092387
2198958898
4056612161
3483278006
2468353217
3075830717
1112492120
3568624589
1705373945
631188697
2277127324
2535107856
261824461
3638325423
2077363124
1470577995
3401557237
622168243
744573053
788763767
562380784
702257491
560968031
1827218090
1727445664
2600982832
1617522572
404246539
149012629
115055897
3119192263
381029957
3228381037
1166806386
3914312731
1469944027
359558750
3336010093
4293024910
3193855209
895728140
472349695
1954696234
2053290540
2782067020
2782644244
4223857772
3618719095
2563227515
1668461036
390347298
1353895507
2658044072
1790504310
604768628
1897332396
1883770696
2648973145
2346540459
4278771288
1818925644
2801104938
875488913
2729500968
2856328119
2295714490
3781954686
1527197471
2526984919
3672041528
1456254971
701349908
3002949620
3289188114
3768829780
3254863047
1104343382
212459364
1251890063
1957596673
1876850584
3062295731
3751911605
2450177449
2062577784
1550303592
4232129336
1170821164
706951971
210308233
835995853
371585708
931339529
4274234800
1166376876
2708790283
2281527412
3411618280
1445375589
70647869
173736353
514277548
4182565118
1697526631
3721300498
3625221669
3290258514
1281989628
403547915
833428174
2619197824
3741568828
2402067019
3841761770
1607714631
4205136433
1326674744
359181911
4278767202
1923645969
1882358144
976430147
359607698
3455161892
504546433
1500407919
2606998770
942810559
4168416289
3469732838
129138285
2048772385
3552517668
221928848
2103537705
1627632063
4115174708
2099414877
2014323809
2910729586
1254438120
1281554218
2823837256
65011252
1092346330
2575258109
1873860829
3520090361
3257385454
903607554
90598505
2722046129
2110535185
3142687036
1037667773
4156085935
2258825286
376870780
505723453
2934396975
1289888584
2441136108
1885775818
727027012
3858341489
1990154133
2950332122
53349353
359049918
99513289
1625483111
81611897
93823242
1726395787
564168758
2300011705
2101591357
1127654635
899137871
2228827867
1973405111
2052100467
3650070567
1255115600
3136649305
1740323127
1350216201
2037075836
1593121406
1878709701
671315402
70329333
3595981170
3030364508
2542211460
3261092880
2520489446
1170119180
1600046827
1999890867
2550931397
3111619633
3995477324
355760002
656107767
3646972580
1477596718
3095164724
962272046
4254085812
573277456
1914887816
3835918803
1087495068
2267476472
691148082
2048555895
3739745082
1365302494
2953819684
539224068
1632959271
2161967585
980251616
1030412137
3357400850
1250126825
4186800554
2614569654
3780603503
2578817996
1088155588
3889179829
2693486010
3860907167
2125372353
4015344064
313279702
2023085028
2341955240
1974851085
3743532614
698521415
129115061
1810959355
381502221
4190896288
1351644679
1207811376
31043961
2895394797
796681593
1648015267
3755359337
557571565
804370391
1932484552
2739655471
3855935028
2774222673
3295672028
785930675
974872340
2769057839
4009201881
600514609
3939137728
2907177508
2836965314
4038624491
2080340133
1356855276
945828279
336042528
3323667967
355401942
1644444551
2930136094
433138760
2108505732
1055620065
93659441
2965475002
1962996680
412195705
3791492614
2730684695
1571533914
2212163472
1843146973
3106105321
1208903114
461757697
1704239610
1218443682
771685585
973852275
394060299
838023198
4007722558
2597769945
1952617520
3696540194
1293984385
2405548413
978568660
4258600178
3130116460
136422919
1159528069
2332291921
3220464698
2177928256
828942460
432346008
1814866580
1648286331
3457873767
224083645
3683768668
947279747
4007658041
1559421054
2137704635
1218731454
3073766576
1238074850
1802663859
2256155772
419026122
1206973576
2202341136
3585361556
1323848524
2184104033
284441102
2264100017
1487348293
1836744264
1415569081
3283420228
2446623362
782161758
3305483889
1191422318
2617467679
782907443
2330693303
2773155850
706866245
684115765
459948989
2942104280
820820620
4202721110
3112223116
3687559229
1043030480
376762501
3304923305
515118853
2834521536
3867919643
3409261556
1669300065
1350121545
2737126555
3184267774
4247914336
2309833733
3927320583
1197975625
2610574111
2254636789
885263789
4023184065
4223308456
3463374371
1155281538
206952785
1500398775
575789458
1457811647
59015909
228004461
776772210
4084322907
701430044
3681694643
3628692084
976267556
959295384
2882930139
1874099079
2819165735
907763711
3092276582
1967585507
2091371950
4119010536
2912520475
3414546774
2051445748
36680351
262128222
4011859013
4261955835
670665438
3647588418
911071606
369160014
715769983
4020031760
