2991312382
3062119789
1228959102
1840268610
974319580
2967327842
2367878886
3088727057
3090095699
2109339754
1817228411
3350193721
4212350166
1764906721
2941321312
2489768049
2065586814
601083951
1684131913
1722357280
1473938350
2694306016
3131244655
1392217497
1883653459
1051233102
256314621
2983950756
1709587040
2550791376
3169666116
2713526065
783796023
1890890179
753559554
359602516
2282995751
3059434818
2284182100
1837659695
2724731384
1278957501
3648281776
2113488007
3111511913
3179548771
2624326012
1536434012
3102870708
1791903078
1387097953
2812006613
1553870454
1605464926
980383131
1007225122
1261492193
4243407436
2710021800
3289927555
395587690
3337208645
1862732352
120181579
1850541474
746922810
2120361354
661778198
1828927181
331083922
1341151716
3821944079
1831164907
3222851995
3837077245
2978144236
4055136414
2198006964
2155372102
1994016109
2679857523
2441391258
496577232
1299440006
1362730766
2135924991
1781665012
2934591847
3720769483
3937190838
1075697607
467846273
2074616363
2128121018
4232947045
1000022711
2231171609
1876302258
2632361940
3227852600
